"Mixture"	"B_cells"	"T_cells"	"NK_cells "	"Monocytes"	"Eosinophils"	"Neutrophils"
"GSM493655"	"0.0378953328390199"	"0.129542435960047"	"0.0523593092401409"	"0.193373646726126"	"0"	"0.586829275234666"
"GSM493656"	"0.0482332728394649"	"0.122790210263037"	"0.0621670041982565"	"0.326689205501697"	"0"	"0.440120307197544"
"GSM493657"	"0.0130986710932798"	"0.0877849574934108"	"0.0556748568053943"	"0.164688167178973"	"0.00507320682650349"	"0.673680140602438"
"GSM493658"	"0.00372886071304967"	"0.20580289534999"	"0.089007277016376"	"0.12336120504829"	"0.0613701865212394"	"0.516729575351055"
"GSM493659"	"0.0570685197016604"	"0.102627288211202"	"0.0712302803682379"	"0.292059799081333"	"0"	"0.477014112637566"
"GSM493660"	"0.0236382650899641"	"0.113655472390302"	"0.0862447128027573"	"0.292649195561846"	"0.0194023367291827"	"0.464410017425948"
"GSM493661"	"0.0367972695473993"	"0.150608993405574"	"0.0556226288343277"	"0.136737633393358"	"0"	"0.62023347481934"
"GSM493662"	"0.005540398712294"	"0.107664637029599"	"0.02681892736109"	"0.332049597778266"	"0"	"0.527926439118751"
"GSM493663"	"0.0307956846129105"	"0.171966474619121"	"0.0983638671943448"	"0.238312699365552"	"0"	"0.460561274208071"
"GSM493664"	"0.0189898604582301"	"0.100628649855084"	"0.100627791264473"	"0.211279127845339"	"0.0517605552265899"	"0.516714015350284"
"GSM493665"	"0.0321440244395437"	"0.0898301309865636"	"0.0660774426961618"	"0.295452057199675"	"0"	"0.516496344678055"
"GSM493666"	"0.0779953405685265"	"0.166214988391966"	"0.102788133811877"	"0"	"0.0368902009303413"	"0.616111336297289"
"GSM493667"	"0.0221399872592219"	"0.139585126979778"	"0.127481962201234"	"0.230502191318754"	"0.0509575720551364"	"0.429333160185876"
"GSM493668"	"0.0323715447132769"	"0.0548286087263083"	"0.0593320338087823"	"0.276877061392018"	"0.0120912442804114"	"0.564499507079203"
"GSM493669"	"0.018009734870945"	"0.293692779827227"	"0.110237215379453"	"0.231362547460197"	"0.0289171640844246"	"0.317780558377753"
"GSM493670"	"0.0575892378549242"	"0.175406483318902"	"0.10324595968331"	"0.144649118773714"	"0.00344687537448876"	"0.515662324994661"
"GSM493671"	"0.00438570910148333"	"0.0704890458893692"	"0.0566241527893026"	"0.226046493135662"	"0"	"0.642454599084183"
"GSM493672"	"0.0509148738776767"	"0.0331781458421363"	"0.108083786796127"	"0.211823867451798"	"0"	"0.595999326032262"
"GSM493673"	"0.0484303269536009"	"0.179911153749549"	"0.125640288965611"	"0.152514917879851"	"0.119785203346575"	"0.373718109104813"
"GSM493674"	"0.0743866819934056"	"0.042287572250292"	"0.110943092261009"	"0.277808358769238"	"0"	"0.494574294726055"
"GSM493675"	"0.00446978639739605"	"0.21111869929195"	"0.0792155702216581"	"0.143957723678902"	"0"	"0.561238220410094"
"GSM493676"	"0.0744402961345714"	"0.296698504929946"	"0.0719922477856015"	"0.0333288287613198"	"0"	"0.523540122388561"
"GSM493677"	"0.0534546758697332"	"0.178808956791348"	"0.0643387047484827"	"0.143577114836339"	"0"	"0.559820547754097"
"GSM493678"	"0.0413216615477066"	"0.112776346591266"	"0.0484421891517236"	"0.332937032664782"	"0"	"0.464522770044522"
"GSM493679"	"0.0166399969146204"	"0.0960932377729167"	"0.087677028599564"	"0.275656832726471"	"0"	"0.523932903986428"
"GSM493680"	"0.0203044108154682"	"0.119663554138163"	"0.045151623596213"	"0.175948375663983"	"0"	"0.638932035786173"
"GSM493681"	"0.030789087194805"	"0.116134908372916"	"0.0763213988641616"	"0.416504573500306"	"0"	"0.360250032067812"
"GSM493682"	"0.149770956543824"	"0.0741236188813787"	"0.0854625500744156"	"0.194257492571188"	"0.00295644582067035"	"0.493428936108523"
"GSM493683"	"0.0486022411396857"	"0.151018242437153"	"0.0406581239562205"	"0.0956829294782135"	"0"	"0.664038462988727"
"GSM493684"	"0.0201473447283849"	"0.0644186498858751"	"0.091029453212581"	"0.179212429544882"	"0.0418584697668679"	"0.603333652861409"
"GSM493685"	"0.010835302915622"	"0.0752982169910499"	"0.030733919302952"	"0.300718514712477"	"0"	"0.582414046077899"
"GSM493686"	"0.126405197225815"	"0.0546705731189069"	"0.065085007106532"	"0.28989312329041"	"0.00964528829654359"	"0.454300810961793"
"GSM493687"	"0.020939279744304"	"0.0456937758390315"	"0.0446258433204337"	"0.30320711840039"	"0.0129445279637627"	"0.572589454732078"
"GSM493688"	"0.0223050967842912"	"0.120044563459133"	"0.11182038874016"	"0.159841997446081"	"0"	"0.585987953570334"
"GSM493689"	"0.0582727663736064"	"0.0857416134118193"	"0.0461014907269348"	"0.162553012415397"	"0"	"0.647331117072243"
"GSM493690"	"0.0117636920422302"	"0.0822076663290044"	"0.0779574906026662"	"0.322158247923853"	"0.0151902638169662"	"0.49072263928528"
"GSM493691"	"0.0274599539083678"	"0.0766189820589201"	"0.113193123878007"	"0.189295637177813"	"0"	"0.593432302976892"
"GSM493692"	"0.054831166114716"	"0.107131415706009"	"0.0503147810228372"	"0.0858407620767419"	"0"	"0.701881875079696"
"GSM493693"	"0.00876557330230672"	"0.0892317629475152"	"0.0516424402302875"	"0.179914989394369"	"0"	"0.670445234125521"
"GSM493694"	"0.0295644076546273"	"0.145729796717867"	"0.0574244040358811"	"0.215512201812579"	"0"	"0.551769189779046"
"GSM493695"	"0.041617926715826"	"0.190176788708014"	"0.0606747147780882"	"0.298791946879016"	"0"	"0.408738622919056"
"GSM493696"	"0.0361705621288116"	"0.156617396033302"	"0.0629491851209383"	"0.174871719361682"	"0"	"0.569391137355266"
"GSM493697"	"0.0322710511885039"	"0.200531509460882"	"0.0588114792973517"	"0.238834613930978"	"0"	"0.469551346122285"
"GSM493698"	"0.0371196491223604"	"0.170409960539051"	"0.0393294212232204"	"0.235662096578016"	"0.0239480676389337"	"0.493530804898419"
"GSM493699"	"0.0353018639344181"	"0.196585840601752"	"0.100771903501414"	"0.307326213698381"	"0.0200422250448933"	"0.339971953219141"
"GSM493700"	"0.0458039141912362"	"0.0868604966356867"	"0.100606264684646"	"0.18607131535724"	"0"	"0.580658009131191"
"GSM493701"	"0.0031133796657169"	"0.12949432404929"	"0.0990845336434211"	"0.227347000286224"	"0.0188829057703414"	"0.522077856585006"
"GSM493702"	"0.0898213308036341"	"0.0635819679516282"	"0.0724772096122782"	"0.234556461955572"	"0"	"0.539563029676888"
"GSM493703"	"0.0154318701458793"	"0.134644645542229"	"0.0793313249919969"	"0.21001777636976"	"0"	"0.560574382950134"
"GSM493704"	"0.0169303307795385"	"0.0407342811309786"	"0.0550680249217375"	"0.423463821959219"	"0.0327001139404296"	"0.431103427268096"
"GSM493705"	"0.020529109698189"	"0.0768743526620119"	"0.074119688087988"	"0.407322971165251"	"0"	"0.42115387838656"
"GSM493706"	"0.0212154889891177"	"0.157389371591946"	"0.0689346067429022"	"0.350280770359971"	"0"	"0.402179762316063"
"GSM493707"	"0.0588984429296208"	"0.0898694624757454"	"0.0411267772676499"	"0.221898589926644"	"0"	"0.58820672740034"
"GSM493708"	"0.0199710867951604"	"0.100031781070381"	"0.0976852396775032"	"0.138370007958853"	"0"	"0.643941884498102"
"GSM493709"	"0.00545242633100628"	"0.0803376458125619"	"0.0529407306181984"	"0.270052860250953"	"0"	"0.59121633698728"
"GSM493710"	"0.0382941224185234"	"0.175450481727846"	"0.0764156654046762"	"0"	"0"	"0.709839730448955"
"GSM493711"	"0.0134772099229544"	"0.210546735658701"	"0.0615987998247922"	"0.165519875134181"	"0"	"0.548857379459372"
"GSM493712"	"0.0141582012446958"	"0.130937691995852"	"0.062515685361166"	"0.149670695185893"	"0"	"0.642717726212394"
"GSM493713"	"0.156747128890275"	"0.32553820169384"	"0.0458913248305524"	"0.120202079452825"	"0.0127032963032665"	"0.338917968829243"
"GSM493714"	"0.0920210987658075"	"0.26117392134329"	"0.132131819612083"	"0.167370226658934"	"0.0139917274024104"	"0.333311206217474"
"GSM493715"	"0.0197854466220862"	"0.109483709310946"	"0.0558436313211278"	"0.220828122524844"	"0"	"0.594059090220996"
"GSM493716"	"0.0364522325566722"	"0.11048906299805"	"0.0605218384740459"	"0.150841460568668"	"0.00617073487563191"	"0.635524670526932"
"GSM493717"	"0.0738631532144617"	"0.181146608405728"	"0.0830654039501572"	"0.258118671501667"	"0"	"0.403806162927987"
"GSM493718"	"0.03632811776746"	"0.111607254337114"	"0.0927977842304113"	"0.198498541037292"	"0"	"0.560768302627722"
"GSM493719"	"0.0183059283768197"	"0.114065613243769"	"0.0960406257882469"	"0.217719705300437"	"0"	"0.553868127290728"
"GSM493720"	"0.0287709294571151"	"0.145466079749363"	"0.0784963399212811"	"0.141426140458361"	"0.0273917622246012"	"0.578448748189278"
"GSM493721"	"0.0481323960695521"	"0.178598891706965"	"0.0540471430664546"	"0.333313989955925"	"0"	"0.385907579201103"
"GSM493722"	"0.0118599249692839"	"0.0957923652869157"	"0.0846402899273397"	"0.238392897727724"	"0"	"0.569314522088737"
"GSM493723"	"0.0165046014107315"	"0.0980551240829503"	"0.0392419676280267"	"0.298490187919798"	"0"	"0.547708118958493"
"GSM493724"	"0.0182126012652309"	"0.111874636589299"	"0.0492616909110253"	"0.28514048146953"	"0.0120679620386644"	"0.52344262772625"
"GSM493725"	"0.0453327122467915"	"0.101930166828315"	"0.0404940520381799"	"0.346119680800759"	"0"	"0.466123388085955"
"GSM493726"	"0.0600999333859497"	"0.06497386045344"	"0.0490636399497319"	"0.270369080303631"	"0"	"0.555493485907248"
"GSM493727"	"0.00378315447625504"	"0.282650276664724"	"0.123798046590212"	"0.349837329857206"	"0.093221862759794"	"0.146709329651809"
"GSM493728"	"0.111205941623305"	"0.192404064030101"	"0.0448978629702448"	"0"	"0.0949036929188598"	"0.55658843845749"
"GSM493729"	"0.0224479348154691"	"0.149419355226048"	"0.0393180699985168"	"0.120821167424888"	"0"	"0.667993472535077"
"GSM493730"	"0.0683024486724885"	"0.151256801604847"	"0.0478006886846633"	"0.15083479213905"	"0"	"0.581805268898951"
"GSM493731"	"0.0539752123145112"	"0.182504005149289"	"0.04165415490351"	"0.234423352908407"	"0"	"0.487443274724283"
"GSM493732"	"0.0400409052249103"	"0.115955543644765"	"0.04633277138579"	"0.274193621035686"	"0"	"0.523477158708848"
"GSM493733"	"0.0664489687858435"	"0.150658750521052"	"0.0861078637922029"	"0"	"0.0290524513511699"	"0.667731965549732"
"GSM493734"	"0.0709154663638615"	"0.0846218850464907"	"0.0645752903863477"	"0.257564205525157"	"0.0137933959143463"	"0.508529756763797"
"GSM493735"	"0.0289753896424484"	"0.140472646942746"	"0.0799594002161138"	"0.115835010942501"	"0"	"0.634757552256191"
"GSM493736"	"0.0307296619008354"	"0.0903581313156193"	"0.10521426673643"	"0.167448670967013"	"0.0102967369321819"	"0.59595253214792"
"GSM493737"	"0.00235967983261644"	"0.0755336796985466"	"0.0456111658817028"	"0.209207463019849"	"0"	"0.667288011567285"
"GSM493738"	"0.0561054265366403"	"0.221650249801466"	"0.0934529504096736"	"0.239279493153095"	"0"	"0.389511880099125"
"GSM493739"	"0.0328345898705785"	"0.127390599818685"	"0.0735552174849129"	"0.35849899676238"	"0"	"0.407720596063444"
"GSM493740"	"0.0171213880980678"	"0.0792200578028331"	"0.0896664355354187"	"0.322498290946835"	"0.0162689003017678"	"0.475224927315077"
"GSM493741"	"0.0567009884976345"	"0.104705562125005"	"0.0580655853793731"	"0.0960165575219822"	"0.0266464621547642"	"0.657864844321241"
"GSM493742"	"0.0574542038199093"	"0.153002468767935"	"0.114564228662962"	"0.0299777115022281"	"0.0494193504715787"	"0.595582036775388"
"GSM493743"	"0.0731437529335514"	"0.238160975848993"	"0.0880266174811171"	"0.16714749533495"	"0"	"0.433521158401389"
"GSM493744"	"0.03524234794297"	"0.2133293268629"	"0.070906867121427"	"0.0800358332226166"	"0"	"0.600485624850086"
"GSM493745"	"0.0445856975842267"	"0.0570511262262759"	"0.0335863644271431"	"0.223148459127521"	"0"	"0.641628352634833"
"GSM493746"	"0.0555462615156009"	"0.0865597506337233"	"0.0306361391016078"	"0.248211969399811"	"0"	"0.579045879349257"
"GSM493747"	"0.0636437088751084"	"0.327499269903859"	"0.140502027376177"	"0.162967452302404"	"0"	"0.305387541542452"
"GSM493748"	"0.00637211285952897"	"0.155181950628461"	"0.0420692432870063"	"0.253533287169196"	"0"	"0.542843406055807"
"GSM493749"	"0.052638652830853"	"0.282212687636494"	"0.0733621056628322"	"0.132124537392606"	"0"	"0.459662016477214"
"GSM493750"	"0.0518441849168431"	"0.204011366667438"	"0.0254220042460755"	"0.371117255311102"	"0.00378039268003626"	"0.343824796178505"
"GSM493751"	"0.02329390951796"	"0.180371880496921"	"0.10115739242889"	"0.186559440128854"	"0"	"0.508617377427375"
"GSM493752"	"0.0361658754303981"	"0.126312001900694"	"0.10860814348087"	"0.0783881030199915"	"0.0306800993243526"	"0.619845776843694"
"GSM493753"	"0.0363311272196993"	"0.055228313708369"	"0.0400956412064746"	"0.25898615506677"	"0"	"0.609358762798687"
"GSM493754"	"0.0427608175113061"	"0.0820698450031678"	"0.0738933158453734"	"0.247692866157442"	"0.0111603887640729"	"0.542422766718638"
"GSM493755"	"0.01031298409297"	"0.0673153379991658"	"0.061452507198388"	"0.274261594437535"	"0"	"0.586657576271942"
"GSM493756"	"0.0248793264269412"	"0.0727695377835013"	"0.0811717422157051"	"0.182351093253306"	"0"	"0.638828300320546"
"GSM493757"	"0.0135638560168111"	"0.0924411215091257"	"0.051216722735703"	"0.388077556558128"	"0"	"0.454700743180232"
"GSM493758"	"0.0265017312790762"	"0.126586292062743"	"0.0573225084093614"	"0.152206845593119"	"0.00909288039947086"	"0.628289742256229"
"GSM493759"	"0.00396574635889494"	"0.0815324559661448"	"0.072352707858156"	"0.214790617119495"	"0.0203531815350253"	"0.607005291162284"
"GSM493760"	"0.0145780891177066"	"0.0720080157135066"	"0.0810974955288074"	"0.144458609859032"	"0.0366417433503323"	"0.651216046430615"
"GSM493761"	"0.0193637724199993"	"0.187603138315148"	"0.063098757489986"	"0.134690868127448"	"0.00684107902662751"	"0.588402384620792"
"GSM493762"	"0.0683720329895192"	"0.127088499678757"	"0.0897505658322831"	"0.0860191578948358"	"0"	"0.628769743604605"
"GSM493763"	"0.00958553428686971"	"0.0907976211726234"	"0.0970383675861334"	"0.278978568338118"	"0.0177560544083967"	"0.505843854207859"
"GSM493764"	"0.0242542479600723"	"0.0799792815686139"	"0.0983925794611461"	"0.184720138462112"	"0.030925435867513"	"0.581728316680542"
"GSM493765"	"0.0605099984807629"	"0.125671500587452"	"0.0644744316249004"	"0.249059591486024"	"0"	"0.500284477820861"
"GSM493766"	"0.0287303916454405"	"0.158237599118725"	"0.0198326676489128"	"0.302812326276056"	"0"	"0.490387015310866"
"GSM493767"	"0.023083217792612"	"0.140486977856567"	"0.118979872916173"	"0.295844016724642"	"0.00905597298900368"	"0.412549941721003"
"GSM493768"	"0.0626694012495484"	"0.0893032664106916"	"0.0858019975535332"	"0.201351671131788"	"0.0353374842509286"	"0.52553617940351"
"GSM493769"	"0.0631533055048076"	"0.349103625902623"	"0.186866474299781"	"0.104694772764858"	"0.00677442722515971"	"0.28940739430277"
"GSM493770"	"0.0199727675173103"	"0.332305091747563"	"0.086231402955067"	"0"	"0"	"0.56149073778006"
"GSM493771"	"0.00482837771048356"	"0.321767620021828"	"0.0965099465469636"	"0.15424872426399"	"0"	"0.422645331456735"
"GSM493772"	"0.0329810947682641"	"0.329297307445697"	"0.138662615684587"	"0.116872586603628"	"0.018285627729192"	"0.363900767768633"
"GSM493773"	"0.0429123884938521"	"0.443646305472611"	"0.143745036865271"	"0.162093059508955"	"0.0227250078451715"	"0.184878201814139"
"GSM493774"	"0.0113314821204252"	"0.281967960168752"	"0.171855207348794"	"0.00205279142897708"	"0"	"0.532792558933052"
"GSM493775"	"0.0502398405732581"	"0.293423089351239"	"0.0709564749711979"	"0.170219004864569"	"0.0054028734142327"	"0.409758716825503"
"GSM493776"	"0.0416897792438104"	"0.261174891884296"	"0.162292551416772"	"0.170778944145362"	"0"	"0.364063833309761"
"GSM493777"	"0.014966550000184"	"0.265427409920378"	"0.140116865918532"	"0.270335469982437"	"0"	"0.309153704178468"
"GSM493778"	"0.0591821064199968"	"0.232397598645641"	"0.135903293082486"	"0.142757460234961"	"0"	"0.429759541616915"
"GSM493779"	"0.0504013194595096"	"0.270118902162218"	"0.168178904636259"	"0.1148969592269"	"0"	"0.396403914515114"
"GSM493780"	"0.0491497807235608"	"0.326973176458459"	"0.0974784895098347"	"0.13791606227426"	"0"	"0.388482491033886"
"GSM493781"	"0.0573448640426712"	"0.274227696695693"	"0.1989434903695"	"0.210208492923744"	"0"	"0.259275455968391"
"GSM493782"	"0.0950016480666784"	"0.206945702084673"	"0.0957814261814067"	"0.207511225079229"	"0"	"0.394759998588012"
"GSM493783"	"0.00375563720311524"	"0.34400252153979"	"0.173057841634077"	"0.104537991633754"	"0"	"0.374646007989264"
"GSM493784"	"0.0392956312612966"	"0.186815860860322"	"0.135603932778783"	"0.0991277161826207"	"0"	"0.539156858916977"
"GSM493785"	"0.0228247620214666"	"0.281781679124915"	"0.133498212381863"	"0.106527093608289"	"0.0163360266097787"	"0.439032226253687"
"GSM493786"	"0.0368855472422833"	"0.410310815511717"	"0.119030651413341"	"0.0555491706394953"	"0"	"0.378223815193164"
"GSM493787"	"0.0203528398524778"	"0.331794744520275"	"0.141722518304298"	"0.205282757440795"	"0"	"0.300847139882155"
"GSM493788"	"0.0489940210452783"	"0.333881922467487"	"0.16485639826636"	"0.117722176705377"	"0"	"0.334545481515497"
"GSM493789"	"0.122288168471445"	"0.245862385429511"	"0.11636730973276"	"0.116979651296967"	"0"	"0.398502485069316"
"GSM493790"	"0.0433424839420509"	"0.259678525978049"	"0.262884687219922"	"0.108814319488174"	"0"	"0.325279983371804"
"GSM493791"	"0.0316328231221399"	"0.246699799496374"	"0.13179219061876"	"0.266326006488709"	"0"	"0.323549180274018"
"GSM493792"	"0.0239960214296888"	"0.254850837546766"	"0.136284924700597"	"0.260911449580591"	"0"	"0.323956766742357"
"GSM493793"	"0.0388594886691843"	"0.467778841601727"	"0.143633292852691"	"0.110078620375465"	"0"	"0.239649756500934"
"GSM493794"	"0.0362479599457729"	"0.269491757650943"	"0.075118941119871"	"0.239968872688737"	"0"	"0.379172468594676"
"GSM493795"	"0.035411452890454"	"0.435277267331225"	"0.0644732020986915"	"0.0295318840436639"	"0"	"0.435306193635965"
"GSM493796"	"0.0936009564238983"	"0.406785007077842"	"0.17065607126984"	"0.166226701896307"	"0.0144497110130893"	"0.148281552319023"
"GSM493797"	"0.00993273808021895"	"0.266734517003888"	"0.066576814638411"	"0"	"0"	"0.656755930277482"
"GSM493798"	"0.0641720023368957"	"0.294302710890479"	"0.118204422520003"	"0.162059765912006"	"0"	"0.361261098340617"
"GSM493799"	"0.0863685542504193"	"0.371192710198431"	"0.125845644000928"	"0.119711092703235"	"0"	"0.296881998846987"
"GSM493800"	"0.0157917425472214"	"0.298501055456343"	"0.0846309331062852"	"0.0661723207952443"	"0"	"0.534903948094907"
"GSM493801"	"0.0124855575445504"	"0.410105344864901"	"0.0553865112260507"	"0.119335717382738"	"0"	"0.40268686898176"
"GSM493802"	"0.134540999079009"	"0.395899436331699"	"0.0912534472522046"	"0.167368432492952"	"0"	"0.210937684844135"
"GSM493803"	"0.0776087913320799"	"0.283695197262953"	"0.0477504248326542"	"0"	"0"	"0.590945586572313"
"GSM493804"	"0.0199174469929233"	"0.336218565182251"	"0.16534909316623"	"0.13610022279881"	"0"	"0.342414671859786"
"GSM493805"	"0.0608928824710185"	"0.243341101844704"	"0.156913751194511"	"0.195547005549047"	"0"	"0.343305258940719"
"GSM493806"	"0.0162445931687117"	"0.248443378281321"	"0.0967722249923889"	"0.103003750012528"	"0"	"0.53553605354505"
"GSM493807"	"0.035389297779729"	"0.215691779102798"	"0.118196423302756"	"0.241646009483972"	"0.00638806135610606"	"0.382688428974638"
"GSM493808"	"0.080095208446358"	"0.387856384721641"	"0.106814530044502"	"0.163459167696199"	"0.0100598558403342"	"0.251714853250965"
"GSM493809"	"0.032999474228597"	"0.120034679312738"	"0.0990723341917054"	"0.218956343236233"	"0"	"0.528937169030727"
"GSM493810"	"0.00426054951574587"	"0.171380422737006"	"0.0646499410238887"	"0.151187377007162"	"0"	"0.608521709716197"
"GSM493811"	"0.0105320607146718"	"0.234011226143296"	"0.0889422282103261"	"0.0829247806149935"	"0"	"0.583589704316713"
"GSM493812"	"0.0100920796960752"	"0.240728562171055"	"0.11273245796807"	"0.0646646469047866"	"0"	"0.571782253260013"
"GSM493813"	"0.0529228358017218"	"0.484688329064136"	"0.201486332088798"	"0.260902503045344"	"0"	"0"
"GSM493814"	"0.018089253778499"	"0.140987419932549"	"0.0972102337297503"	"0.116089258217046"	"0"	"0.627623834342156"
"GSM493815"	"0.097092862211057"	"0.358792828412571"	"0.134299509604792"	"0.183927926526027"	"0.0191256781153786"	"0.206761195130174"
"GSM493816"	"0.00887510608406881"	"0.35515377412858"	"0.155947596462487"	"0.220281754196911"	"0"	"0.259741769127953"
"GSM493817"	"0.0560435579149739"	"0.408207219942398"	"0.0956742731632643"	"0.0716252053447638"	"0.00307423019864133"	"0.365375513435959"
"GSM493818"	"0.0188184612349789"	"0.280180044626494"	"0.0849879548174111"	"0.18181396027387"	"0"	"0.434199579047246"
"GSM493819"	"0.0181467329403809"	"0.262525382914723"	"0.154315470921451"	"0.0677732232085041"	"0"	"0.497239190014941"
"GSM493820"	"0.0142687441282995"	"0.0644277881353663"	"0.0744624062812602"	"0.270713971306519"	"0.0338075090837954"	"0.54231958106476"
"GSM493821"	"0.0230753932098367"	"0.43230140175816"	"0.148743717857436"	"0.0270927402568438"	"0.0549242018009517"	"0.313862545116771"
"GSM493822"	"0.00679095222163397"	"0.467416332447003"	"0.159114200957109"	"0.128801073472588"	"0"	"0.237877440901666"
"GSM493823"	"0.0254530218292603"	"0.189297905449784"	"0.346576876792242"	"0.20076864559977"	"0.0349461967824136"	"0.20295735354653"
"GSM493824"	"0.0282755982535775"	"0.437875153693242"	"0.177261851297858"	"0.102548597035214"	"0.00772047004542605"	"0.246318329674682"
"GSM493825"	"0.0370958738511376"	"0.255466035687634"	"0.102404856276577"	"0.136697013639654"	"0"	"0.468336220544997"
"GSM493826"	"0.0132570790795741"	"0.238360760925521"	"0.103099228936434"	"0"	"0"	"0.645282931058472"
"GSM493827"	"0.0323537946930132"	"0.440414869960675"	"0.158281241451157"	"0.174371337976762"	"0.0119115355774318"	"0.182667220340962"
"GSM493828"	"0.0124679146837841"	"0.263626110852766"	"0.135221466468165"	"0.36847725891738"	"0"	"0.220207249077905"
"GSM493829"	"0.054087074695791"	"0.23815811699137"	"0.123725160550066"	"0.0807075445997771"	"0"	"0.503322103162996"
"GSM493830"	"0.0520921145337351"	"0.329310498531626"	"0.108308732047881"	"0.242501632691091"	"0"	"0.267787022195667"
"GSM493831"	"0.0111752024938302"	"0.340598154805522"	"0.140295773983005"	"0.0709791437172265"	"0"	"0.436951725000416"
"GSM909644"	"0.0237854207905142"	"0.36273137604939"	"0.239262348507386"	"0.20846437212362"	"0"	"0.165756482529089"
"GSM909645"	"0.0197413346837339"	"0.317518571712469"	"0.147622907371372"	"0.0599643451351183"	"0.0168728201496435"	"0.438280020947664"
"GSM909646"	"0.0350014386284596"	"0.376024796401289"	"0.0839340283228119"	"0.0551732988780492"	"0"	"0.44986643776939"
"GSM909647"	"0.0439502132609565"	"0.306860479827764"	"0.0428782927477926"	"0.27469627489651"	"0"	"0.331614739266976"
"GSM909648"	"0.0638231798659956"	"0.588964522119791"	"0.0721172485113307"	"0.179833335513664"	"0"	"0.0952617139892181"
"GSM909649"	"0.00703032314779173"	"0.236291211556882"	"0.113792157629567"	"0.061379250546098"	"0"	"0.58150705711966"
"GSM909650"	"0.030784735883584"	"0.301480555224378"	"0.146404231346259"	"0.0573603516649149"	"0.0013510610804788"	"0.462619064800385"
"GSM909651"	"0.027919618708012"	"0.391987547455831"	"0.117979953326599"	"0.102234306932571"	"0"	"0.359878573576987"
"GSM909652"	"0.0192090184404629"	"0.409315346333732"	"0.139008104400366"	"0.203179974644346"	"0.0283456382748743"	"0.200941917906218"
"GSM909653"	"0.0758133909158959"	"0.255939444910992"	"0.0606799987436926"	"0.0281317391748753"	"0"	"0.579435426254544"
"GSM909654"	"0.0179880303145924"	"0.277014458865442"	"0.10801617148012"	"0.134616940867221"	"0"	"0.462364398472625"
"GSM909655"	"0.00637873130952661"	"0.236216446658879"	"0.189525222671093"	"0.0685241354944937"	"0"	"0.499355463866008"
"GSM909656"	"0.0108540086707771"	"0.264637598837227"	"0.0796855332875551"	"0"	"0"	"0.644822859204441"
"GSM909657"	"0.0160351905546379"	"0.263078250481037"	"0.161880807421634"	"0.0906081212342423"	"0"	"0.468397630308448"
"GSM909658"	"0.0370196814697766"	"0.452356439982957"	"0.119674417085855"	"0.103540239072466"	"0"	"0.287409222388945"
"GSM909659"	"0.0743250810619451"	"0.290646451998858"	"0.110072505439175"	"0.35790776555152"	"0"	"0.167048195948502"
"GSM909660"	"0.0189187675612741"	"0.356603864679488"	"0.222997771029938"	"0.309110577537286"	"0"	"0.092369019192014"
"GSM909661"	"0.0279963369185108"	"0.29357419818148"	"0.213511528893585"	"0.121891388732742"	"0"	"0.343026547273683"
"GSM909662"	"0.0124195556672507"	"0.325170846646762"	"0.130872164417078"	"0.0514183110680741"	"0"	"0.480119122200835"
"GSM909663"	"0.0281652249003033"	"0.211372103749769"	"0.147243529777575"	"0.136286362756003"	"0"	"0.47693277881635"
"GSM909664"	"0.0362580113205684"	"0.277639681571364"	"0.0931494484668642"	"0.126995831355247"	"0"	"0.465957027285956"
"GSM909665"	"0.0466767430932681"	"0.281941079281626"	"0.159747410973382"	"0.187458178176632"	"0"	"0.324176588475092"
"GSM909666"	"0.0196165197176217"	"0.287396846144199"	"0.130297649759026"	"0.116694517251934"	"0"	"0.44599446712722"
"GSM909667"	"0.0128152622826283"	"0.624376027318194"	"0.155259530296151"	"0.197466878513673"	"0"	"0.010082301589354"
"GSM909668"	"0.0575631595852494"	"0.326440851225496"	"0.0501362909328189"	"0.0112265899485477"	"0"	"0.554633108307887"
"GSM909669"	"0.01301705425758"	"0.231194397366484"	"0.130070681986497"	"0.0697031279294415"	"0"	"0.556014738459997"
"GSM909670"	"0.011730881015221"	"0.368535898983542"	"0.140547095803088"	"0.0775618921802179"	"0.0130164514768729"	"0.388607780541058"
"GSM909671"	"0.0231764359528333"	"0.309326362552446"	"0.115989898140779"	"0.110162159736782"	"0"	"0.441345143617159"
"GSM909672"	"0.0224140042965843"	"0.2519361292991"	"0.1180333283916"	"0.131148496270934"	"0"	"0.476468041741781"
"GSM909673"	"0.0122135561636305"	"0.317025684693444"	"0.112851422406422"	"0"	"0.0139897502001098"	"0.543919586536393"
"GSM909674"	"0.0272107407281596"	"0.222893676316897"	"0.074728259299956"	"0.111742709077187"	"0"	"0.563424614577801"
"GSM909675"	"0.0169039696432632"	"0.366623678038059"	"0.122807861614072"	"0.191891505552148"	"0"	"0.301772985152458"
"GSM909676"	"0.00854217804892984"	"0.27759648757238"	"0.15184991390387"	"0.0679184114066534"	"0"	"0.494093009068167"
"GSM909677"	"0.0171094441323124"	"0.324435673161442"	"0.173782316754397"	"0.0900865039933038"	"0.0135336851205707"	"0.381052376837974"
"GSM909678"	"0.0283182289205051"	"0.300139857413951"	"0.102387959620876"	"0.0591741071338785"	"0"	"0.50997984691079"
"GSM909679"	"0.0233821447120947"	"0.469285461756027"	"0.0812825997393597"	"0.296231271463718"	"0.00639472801653952"	"0.123423794312261"
"GSM909680"	"0.00968721617866455"	"0.311218561354808"	"0.103312263027977"	"0.175617249893758"	"0"	"0.400164709544791"
"GSM909681"	"0.0385021813409154"	"0.319472617822829"	"0.112118440653712"	"0.145705194552947"	"0.0247643947592565"	"0.359437170870341"
"GSM909682"	"0.128308678146064"	"0.192474673225755"	"0.0933895603759827"	"0.127691609304015"	"0"	"0.458135478948184"
"GSM909683"	"0.172892943660015"	"0.207694840331132"	"0.044488255786574"	"0.104448202348973"	"0.0382062471481559"	"0.432269510725149"
"GSM909684"	"0.0592437246846132"	"0.112775935591804"	"0.0775989379126148"	"0.146492754119855"	"0"	"0.603888647691113"
"GSM909685"	"0.0460009299405354"	"0.0734578865558475"	"0.0565175194951987"	"0.317892993306388"	"0"	"0.50613067070203"
"GSM909686"	"0.0815643518786607"	"0.175787613633458"	"0.0417604097998706"	"0.1483788208462"	"0"	"0.552508803841811"
"GSM909687"	"0.0256812731002946"	"0.156606628442506"	"0.081032299649281"	"0.229106891973413"	"0"	"0.507572906834505"
"GSM909688"	"0.0106601374426733"	"0.0909602104022289"	"0.0595511215003531"	"0.192018519534075"	"0"	"0.64681001112067"
"GSM909689"	"0.0246709721110295"	"0.106722969645483"	"0.044064544549707"	"0.207059625211692"	"0.0341537903925609"	"0.583328098089528"
"GSM909690"	"0"	"0.149289655567642"	"0.12504413662601"	"0.285633684975305"	"0.0197459169405751"	"0.420286605890468"
"GSM909691"	"0.0120774138814239"	"0.192786927415646"	"0.162068331016158"	"0.0494202822232095"	"0"	"0.583647045463563"
"GSM909692"	"0.0455862520637932"	"0.0721313823088095"	"0.107562028088539"	"0.051392751048983"	"0.0186741421606495"	"0.704653444329226"
"GSM909693"	"0.0271994446308352"	"0.0754990511362279"	"0.0343785577632392"	"0.329167321740381"	"0"	"0.533755624729317"
"GSM909694"	"0.0610505876524845"	"0.126707629413904"	"0.0657013246410156"	"0.275362083715854"	"0.0287778574541853"	"0.442400517122557"
"GSM909695"	"0.0093209063870832"	"0.145077928722351"	"0.0178156136737669"	"0.316407622597678"	"0"	"0.511377928619122"
"GSM909696"	"0"	"0.0727704360493888"	"0.0835525732516496"	"0.120595306929138"	"0"	"0.723081683769824"
"GSM909697"	"0.00503199286012287"	"0.179978412052324"	"0.0513543291768675"	"0.193311241708172"	"0.0872086733503733"	"0.483115350852141"
"GSM909698"	"0.037047082084051"	"0.0904691520119992"	"0.0526501793682108"	"0.204558351433029"	"0.0685185469309921"	"0.546756688171718"
"GSM909699"	"0.0273788159649752"	"0.17421291691949"	"0.0585518565338045"	"0.13089381885783"	"0"	"0.6089625917239"
"GSM909700"	"0.033180735160573"	"0.0777456917111543"	"0.0746767116809724"	"0.256398946995595"	"0.00329308822403357"	"0.554704826227671"
"GSM909701"	"0.0309939061433539"	"0.194606661384068"	"0.0743184750612703"	"0.210024051813479"	"0"	"0.490056905597829"
"GSM909702"	"0.0160123269367071"	"0.0812770992045634"	"0.0885004339841188"	"0.202865300009786"	"0.0330426224849285"	"0.578302217379896"
"GSM909703"	"0.0137593520869878"	"0.213298048502395"	"0.0754019717521043"	"0.179857491132384"	"0"	"0.517683136526129"
"GSM909704"	"0.0685383250605239"	"0.054288380372967"	"0.0735880978543872"	"0.320868101234671"	"0"	"0.482717095477451"
"GSM909705"	"0.0144571415648988"	"0.190918761817276"	"0.0739563954998042"	"0.178892699198435"	"0.050144524091819"	"0.491630477827767"
"GSM909706"	"0.0265246040990707"	"0.0674978250775018"	"0.101338081442677"	"0.330325166828847"	"0.0348814145926028"	"0.439432907959301"
"GSM909707"	"0.045645550010616"	"0.0472293065035209"	"0.0556352164777534"	"0.233490973269653"	"0"	"0.617998953738456"
"GSM909708"	"0.0452227316467778"	"0.0747911393234502"	"0.0357572492876724"	"0.276363122433174"	"0.00492554357217463"	"0.562940213736751"
"GSM909709"	"0.0438861668829035"	"0.036400025276933"	"0.0930210692472282"	"0.211317787094379"	"0"	"0.615374951498556"
"GSM909710"	"0.00582769033392586"	"0.141935074746899"	"0.0432951067474061"	"0.234882388012343"	"0"	"0.574059740159426"
"GSM909711"	"0.0879164136446612"	"0.140642663654742"	"0.0695592481088948"	"0.126204688852799"	"0.024998395889652"	"0.550678589849251"
"GSM909712"	"0.0507963551585989"	"0.129089727934998"	"0.0670004941417863"	"0.0981239970033141"	"0.0667742719729092"	"0.588215153788393"
"GSM909713"	"0.0177625541750252"	"0.0639555029326477"	"0.0871587065216245"	"0.191739124139343"	"0.0691566878690853"	"0.570227424362274"
"GSM909714"	"0.0161486139348785"	"0.0727113789795164"	"0.0603028980577909"	"0.261814035185513"	"0"	"0.589023073842301"
"GSM909715"	"0.130351499343608"	"0.229181676749002"	"0.0356298388919857"	"0.127735636598314"	"0.0215570167154229"	"0.455544331701666"
"GSM909716"	"0.0169665389079173"	"0.0823921354216226"	"0.0549354761742876"	"0.271560310398438"	"0"	"0.574145539097734"
"GSM909717"	"0.0256141860491701"	"0.126263274463886"	"0.066463531540367"	"0.038608047721686"	"0.0205184334831906"	"0.7225325267417"
"GSM909718"	"0.0105880658540098"	"0.126556582021821"	"0.0368800758847876"	"0.241023571029854"	"0.101718579161651"	"0.483233126047877"
"GSM909719"	"0.0122211614733466"	"0.0865634645239513"	"0.0626482340544809"	"0.163284278014787"	"0"	"0.675282861933435"
"GSM909720"	"0.0448319110396135"	"0.0360857839524723"	"0.0528495691059139"	"0.299092415556219"	"0"	"0.567140320345781"
"GSM909721"	"0.0298314465403804"	"0.0602510793569214"	"0.0716564621719294"	"0.177446853174865"	"0.00951407162163568"	"0.651300087134268"
"GSM909722"	"0.103795842613579"	"0.229863394202137"	"0.044793443541187"	"0.159758828187233"	"0"	"0.461788491455863"
"GSM909723"	"0.0121741644079374"	"0.043903315530941"	"0.0835911212907889"	"0.232548765754014"	"0"	"0.627782633016319"
"GSM909724"	"0.0381780089576215"	"0.0823072941110891"	"0.0642237730361475"	"0.141831700523091"	"0"	"0.673459223372051"
"GSM909725"	"0.0203505628794216"	"0.118176357430846"	"0.0874588141645397"	"0.178550666190695"	"0"	"0.595463599334498"
"GSM909726"	"0.0398387806277756"	"0.136930168145215"	"0.0341697783128282"	"0.1599506015351"	"0"	"0.629110671379082"
"GSM909727"	"0.0108794860859177"	"0.0704402093241889"	"0.0273629442255961"	"0.332836673739478"	"0"	"0.55848068662482"
"GSM909728"	"0.0216516405576824"	"0.0970274446082037"	"0.0443882972405191"	"0.182235574520905"	"0"	"0.65469704307269"
"GSM909729"	"0.0318463497763118"	"0.351566745045892"	"0.0782531241357537"	"0.202466561889586"	"0"	"0.335867219152457"
"GSM909730"	"0.148361993723266"	"0.386438337331212"	"0.099636230326182"	"0.178677070090819"	"0.0097217632643547"	"0.177164605264166"
"GSM909731"	"0.0665773692088986"	"0.112271204557359"	"0.0330289192311464"	"0.261719143733478"	"0"	"0.526403363269119"
"GSM909732"	"0.0377374390743391"	"0.139290787034425"	"0.0951995073900664"	"0.256407434777576"	"0.00199671112672851"	"0.469368120596865"
"GSM909733"	"0.0278426872772739"	"0.105023233163867"	"0.0864389302758607"	"0.206657136623612"	"0.0317428120838746"	"0.542295200575512"
"GSM909734"	"0.0176607097475705"	"0.105367497010797"	"0.0972165258833325"	"0.184161048365281"	"0.0321806139184605"	"0.563413605074558"
"GSM909735"	"0.0357454567298508"	"0.225905901784165"	"0.0817903118348006"	"0.216743596050361"	"0"	"0.439814733600823"
"GSM909736"	"0.0351125031992062"	"0.062771217240087"	"0.0702121345027053"	"0.315351064630265"	"0"	"0.516553080427737"
"GSM909737"	"0.0143475517877789"	"0.122665571504772"	"0.0712414611248706"	"0.233973913447862"	"0.0164913576441602"	"0.541280144490557"
"GSM909738"	"0.0254488220327706"	"0.147499553344545"	"0.066189874332191"	"0.219406374070304"	"0.0721190335540596"	"0.46933634266613"
"GSM909739"	"0.0225633501594756"	"0.0952842237839556"	"0.0350420802079721"	"0.237930421932452"	"0"	"0.609179923916145"
"GSM909740"	"0.0264544718103868"	"0.092549511251268"	"0.0759223631125356"	"0.20916385042356"	"0"	"0.595909803402249"
"GSM909741"	"0.0320150388768948"	"0.0988606199652544"	"0.0826207991603144"	"0.199395353828388"	"0"	"0.587108188169148"
"GSM909742"	"0.058414453463633"	"0.338305856836968"	"0.0889473821239202"	"0.0478161657379127"	"0.0969980934200095"	"0.369518048417557"
"GSM909743"	"0.103039590508019"	"0.439956123300045"	"0.0793087942958872"	"0.0535139395182837"	"0.121052532007088"	"0.203129020370677"
"GSM909744"	"0.0441589681247717"	"0.323988758771782"	"0.1276113415047"	"0"	"0.0338111199617574"	"0.470429811636988"
"GSM909745"	"0.0329898174573968"	"0.0202677126314489"	"0.0536030167428472"	"0.364349682004319"	"0.0230910060929751"	"0.505698765071012"
"GSM909746"	"0.0479233563458231"	"0.0366427459850879"	"0.0732483203366082"	"0.286161572197986"	"0.0277998022193305"	"0.528224202915164"
"GSM909747"	"0.0519581582376946"	"0.0763355016332551"	"0.0786805602445089"	"0.239699739795465"	"0.0359104809116538"	"0.517415559177422"
"GSM909748"	"0.0126639854080554"	"0.023981751224452"	"0.0519424195649562"	"0.410492833734787"	"0"	"0.500919010067749"
"GSM909749"	"0.0442618094435653"	"0.182795535303484"	"0.059765666820731"	"0.232960456696242"	"0"	"0.480216531735977"
"GSM909750"	"0.0268000868580832"	"0.258074659459491"	"0.0940066996764767"	"0.250109585858755"	"0.031279046728173"	"0.339729921419021"
"GSM909751"	"0.0223373410389411"	"0.158256968799509"	"0.103726288635239"	"0.182660523231246"	"0.00440669370488514"	"0.528612184590179"
"GSM909752"	"0.0128473162496182"	"0.0511959569254253"	"0.0939750121686043"	"0.241987973202735"	"0"	"0.599993741453617"
"GSM909753"	"0.0144944948608392"	"0.0675691764518202"	"0.0766398918074896"	"0.301056200911636"	"0"	"0.540240235968215"
"GSM909754"	"0.0718009492838912"	"0.0346945503704857"	"0.0966367111233984"	"0.234167139257268"	"0"	"0.562700649964957"
"GSM909755"	"0.010427776993181"	"0.00899115368770418"	"0.0621602168449095"	"0.371312030186912"	"0.00384214435825258"	"0.543266677929041"
"GSM909756"	"0.015919102989479"	"0.129930779998072"	"0.0383661440915384"	"0.272950309249349"	"0"	"0.542833663671561"
"GSM909757"	"0.0888683797258031"	"0.11675716073699"	"0.0345932537780714"	"0.123713591677215"	"0"	"0.636067614081921"
"GSM909758"	"0.0120658909956872"	"0.253111845043566"	"0.107992192432401"	"0.13783192560464"	"0.00126187164422343"	"0.487736274279482"
"GSM909759"	"0.0123451497135096"	"0.145855619123659"	"0.135436008734287"	"0.171803763906585"	"0.152615019366719"	"0.38194443915524"
"GSM909760"	"0.102314292427168"	"0.0999673920171485"	"0.0863915482234661"	"0.274720700979705"	"0"	"0.436606066352512"
"GSM909761"	"0.0312434551980887"	"0.171745077599325"	"0.0739097678395659"	"0.0328997282175798"	"0"	"0.69020197114544"
"GSM909762"	"0.0339933320233825"	"0.0447926453010119"	"0.0462443534032508"	"0.25158952536383"	"0"	"0.623380143908525"
"GSM909763"	"0.0314442053725022"	"0.20220353101022"	"0.050252065764512"	"0.233818337485119"	"0.00568346134630564"	"0.476598399021341"
"GSM909764"	"0.0496049964961904"	"0.130564913239638"	"0.0879422306433691"	"0.236750520327414"	"0"	"0.495137339293388"
"GSM909765"	"0.0107435650325971"	"0.0539613734668829"	"0.0729173063445275"	"0.310577233615655"	"0.00130812035166309"	"0.550492401188674"
"GSM909766"	"0.0565301653033126"	"0.162590038082007"	"0.178045942773658"	"0.0347158379128587"	"0.0551480854320646"	"0.512969930496099"
"GSM909767"	"0.0266074356595437"	"0.0579729991202582"	"0.084355191249993"	"0.244792119965817"	"0.0458014770370045"	"0.540470776967384"
"GSM909768"	"0.0125474583419131"	"0.0933758336104994"	"0.0980738666021074"	"0.17796179577869"	"0"	"0.618041045666791"
"GSM909769"	"0.0548558905222929"	"0.135486663308541"	"0.0584028995053292"	"0.118011396570034"	"0"	"0.633243150093803"
"GSM909770"	"0.0211490207434558"	"0.124475459601529"	"0.0674082861869914"	"0.145554576719963"	"0.0308918876153641"	"0.610520769132697"
"GSM909771"	"0.0113151563715085"	"0.120226144354334"	"0.0627205739855032"	"0.107140413332433"	"0.0463903853803767"	"0.652207326575845"
"GSM909772"	"0.0159093204356489"	"0.130327707859041"	"0.0780252694668335"	"0.226127958321445"	"0.00715305399099079"	"0.542456689926041"
"GSM909773"	"0.00645442525965781"	"0.156879464441637"	"0.0915827265636186"	"0.179422419507862"	"0"	"0.565660964227224"
"GSM909774"	"0.0723885523034997"	"0.279648704647717"	"0.0555379506356558"	"0.0594912061877788"	"0"	"0.532933586225348"
"GSM909775"	"0.0633856796499721"	"0.143218664171262"	"0.0563261419542308"	"0.171123064179129"	"0"	"0.565946450045406"
"GSM909776"	"0.0647374454365709"	"0.163208957978731"	"0.0631092924435526"	"0.198623665944171"	"0"	"0.510320638196974"
"GSM909777"	"0.00760437446090928"	"0.228603780277101"	"0.242027731705855"	"0.103661814821314"	"0"	"0.41810229873482"
"GSM909778"	"0.0177352965613316"	"0.0995867118785891"	"0.0466285703276225"	"0.277130801332757"	"0"	"0.558918619899699"
"GSM909779"	"0.0192143763502714"	"0.0756246534381497"	"0.0473808631023115"	"0.209216107296425"	"0"	"0.648563999812842"
"GSM909780"	"0.0392525228090833"	"0.0717137213727664"	"0.0715040702835867"	"0.446369132379449"	"0"	"0.371160553155115"
"GSM909781"	"0.12367817191626"	"0.0867204502247532"	"0.0800791394662205"	"0.237799395019655"	"0.0306724401970354"	"0.441050403176076"
"GSM909782"	"0.0233945147877053"	"0.0539675465086708"	"0.0161745807760341"	"0.342798070085891"	"0"	"0.563665287841699"
"GSM909783"	"0.0421771108607765"	"0.124835741784478"	"0.0501404821170489"	"0.274906746194575"	"0.0211587932317556"	"0.486781125811367"
"GSM909784"	"0.048229682186745"	"0.140492604806411"	"0.0448003353229214"	"0.215897057036454"	"0"	"0.550580320647469"
"GSM909785"	"0.0771920890645585"	"0.204022997174522"	"0.0262556509408656"	"0.283801962137782"	"0"	"0.408727300682272"
"GSM909786"	"0.0111985236304604"	"0.0790184521835899"	"0.0389553099649537"	"0.301727422813464"	"0.0118944208916807"	"0.557205870515852"
"GSM909787"	"0.0511790676055131"	"0.0704963384204841"	"0.0615682849062109"	"0.0728240767597503"	"0.0234168482795759"	"0.720515384028466"
"GSM909788"	"0.0186500044444336"	"0.0779698836477559"	"0.0606566552290136"	"0.295999385386666"	"0.00877010554548497"	"0.537953965746646"
"GSM909789"	"0.0102616773175112"	"0.292101300961013"	"0.0734815641131583"	"0.15150847408395"	"0.0108795025319664"	"0.461767480992402"
"GSM909790"	"0.00671895131466756"	"0.113581624737984"	"0.0871646837548571"	"0.103293813115789"	"0"	"0.689240927076703"
